1 128  
1 192  
1 256  
1 320  
1 384  
1 448  
1 512  
1 128  
1 128  
1 128  
1 128 0.1608325449385052 7.901889181735038
1 128 0.1608325449385052 7.901889181735038
1 128 0.1608325449385052 7.901889181735038
1 192 0.1608325449385052 7.901889181735038
1 256 0.1608325449385052 7.901889181735038
1 320 0.1608325449385052 7.901889181735038
1 384 0.1608325449385052 7.901889181735038
1 448 0.1608325449385052 7.901889181735038
1 512 0.1608325449385052 7.901889181735038
1 128 0.1608325449385052 7.901889181735038
1 128 0.07568590350047304 7.186035624897641
1 128 78.40113528855251 85.95242135239234
